543.170922 111.471821 0 0 0.004000 0
542.955142 165.416903 0 1 0.004000 0
542.739361 219.361985 0 2 0.004000 0
443.422127 112.251221 1 0 0.000000 0
443.314703 165.773935 1 1 0.000000 0
443.207279 219.296650 1 2 0.000000 0
346.573472 118.060065 2 0 0.016527 0
346.985796 169.681701 2 1 0.016527 0
347.398124 221.303668 2 2 0.016527 0
262.225377 141.063925 3 0 0.496139 0
274.206181 185.981258 3 1 0.496139 0
285.977987 230.115031 3 2 0.496139 0
196.926003 189.035983 4 0 0.514496 0
227.997236 221.010999 4 1 0.514496 0
258.693482 252.600120 4 2 0.514496 0
148.499005 255.772963 5 0 0.116841 0
191.252308 270.228200 5 1 0.116841 0
233.770962 284.604101 5 2 0.116841 0
125.153385 339.122712 6 0 0.000000 0
172.996167 341.869563 6 1 0.000000 0
220.837460 344.616329 6 2 0.000000 0
131.550953 425.627044 7 0 0.316228 0
177.952357 418.299830 7 1 0.316228 0
224.267957 410.986165 7 2 0.316228 0
166.120294 501.185926 8 0 0.640184 0
202.634964 476.257810 8 1 0.640184 0
238.436606 451.816469 8 2 0.640184 0
220.207472 560.723056 9 0 0.071247 0
236.561045 519.946303 9 1 0.071247 0
252.320194 480.651713 9 2 0.071247 0
297.479996 599.185637 10 0 0.000000 0
299.155642 549.036506 10 1 0.000000 0
300.831419 498.883476 10 2 0.000000 0
383.803624 607.248166 11 0 0.242536 0
377.530026 555.539419 11 1 0.242536 0
371.261486 503.872362 11 2 0.242536 0
474.742270 591.844996 12 0 0.196116 0
463.280116 540.819994 12 1 0.196116 0
451.817948 489.794925 12 2 0.196116 0
569.292239 574.146925 13 0 0.124035 0
560.810504 521.820752 13 1 0.124035 0
552.328693 469.494114 13 2 0.124035 0
666.061696 561.701591 14 0 0.083045 0
660.511886 508.328445 14 1 0.083045 0
654.962069 454.955240 14 2 0.083045 0
765.043022 554.765247 15 0 0.022217 0
762.194168 500.603719 15 1 0.022217 0
759.345299 446.441920 15 2 0.022217 0
866.100211 553.124889 16 0 0.048723 0
866.819891 498.724915 16 1 0.048723 0
867.539576 444.324500 16 2 0.048723 0
966.682687 556.876109 17 0 0.104685 0
970.828330 502.917123 17 1 0.104685 0
974.973990 448.957928 17 2 0.104685 0
1065.121844 565.831962 18 0 0.173785 0
1072.560749 512.866152 18 1 0.173785 0
1079.999706 459.899977 18 2 0.173785 0
1161.266541 580.027630 19 0 0.216930 0
1171.555026 528.340931 19 1 0.216930 0
1181.843521 476.654181 19 2 0.216930 0
1251.412070 599.176930 20 0 0.000000 0
1257.073073 547.576706 20 1 0.000000 0
1262.730943 496.005034 20 2 0.000000 0
1341.508545 607.173835 21 0 0.000000 0
1341.508545 555.504301 21 1 0.000000 0
1341.508545 503.834767 21 2 0.000000 0
1425.943072 589.068963 22 0 0.447214 0
1415.352422 542.628216 22 1 0.447214 0
1404.897283 496.781692 22 2 0.447214 0
1493.562402 542.039645 23 0 0.573462 0
1464.069778 507.613890 23 1 0.573462 0
1434.879333 473.540857 23 2 0.573462 0
1544.022608 476.430294 24 0 0.141421 0
1502.039737 459.900279 24 1 0.141421 0
1460.436047 443.519559 24 2 0.141421 0
1569.368367 394.400024 25 0 0.000000 0
1521.458889 391.078305 25 1 0.000000 0
1473.552584 387.756805 25 2 0.000000 0
1565.745698 308.864213 26 0 0.371391 0
1519.679267 317.471462 26 1 0.371391 0
1473.780776 326.047332 26 2 0.371391 0
1532.238861 232.208818 27 0 0.707107 0
1494.482644 257.059927 27 1 0.707107 0
1456.884805 281.806792 27 2 0.707107 0
1477.209903 170.294770 28 0 0.282166 0
1454.374243 209.087340 28 1 0.282166 0
1431.805570 247.426360 28 2 0.282166 0
1403.986463 129.603654 29 0 0.000000 0
1397.296401 178.277097 29 1 0.000000 0
1390.615993 226.880295 29 2 0.000000 0
1314.589006 113.905713 30 0 0.000000 0
1314.589006 166.743428 30 1 0.000000 0
1314.589006 219.581143 30 2 0.000000 0
1215.726452 111.592170 31 0 0.004000 0
1215.834379 165.407173 31 1 0.004000 0
1215.942305 219.222176 31 2 0.004000 0
1116.389538 111.695238 32 0 0.000000 0
1116.497464 165.676774 32 1 0.000000 0
1116.605390 219.658309 32 2 0.000000 0
1017.225502 111.996585 33 0 0.003623 0
1017.323367 166.007447 33 1 0.003623 0
1017.421233 220.018310 33 2 0.003623 0
917.504851 112.430398 34 0 0.000000 0
917.602717 166.274790 34 1 0.000000 0
917.700582 220.119181 34 2 0.000000 0
817.720749 112.442709 35 0 0.003623 1
817.622794 166.311709 35 1 0.003623 1
817.524839 220.180709 35 2 0.003623 1
718.175611 111.612700 36 0 0.000000 0
718.077656 165.806535 36 1 0.000000 0
717.979702 220.000371 36 2 0.000000 0
630.594003 111.161662 37 0 0.004000 0
630.485648 165.408885 37 1 0.004000 0
630.377292 219.656108 37 2 0.004000 0