802.737635 105.706158 47 0 0.000000 0
802.664173 146.106577 47 1 0.000000 0
802.590712 186.506996 47 2 0.000000 0
802.517251 226.907414 47 3 0.000000 0
727.771668 104.935146 48 0 0.000000 0
727.698207 145.552026 48 1 0.000000 0
727.624746 186.168907 48 2 0.000000 0
727.551284 226.785787 48 3 0.000000 0
653.208372 104.475919 49 0 0.000000 0
653.127059 145.145773 49 1 0.000000 0
653.045746 185.815626 49 2 0.000000 0
652.964433 226.485480 49 3 0.000000 0
604.499691 104.322465 50 0 0.000000 0
604.337111 144.967396 50 1 0.000000 0
604.174532 185.612327 50 2 0.000000 0
604.011952 226.257257 50 3 0.000000 0
555.676013 104.734970 0 0 0.000000 0
555.514128 145.206246 0 1 0.000000 0
555.352243 185.677523 0 2 0.000000 0
555.190357 226.148799 0 3 0.000000 0
480.911592 105.437688 1 0 0.000000 0
480.830974 145.629894 1 1 0.000000 0
480.750356 185.822100 1 2 0.000000 0
480.669739 226.014307 1 3 0.000000 0
405.928432 105.856045 2 0 0.000000 0
405.928432 145.897175 2 1 0.000000 0
405.928432 185.938305 2 2 0.000000 0
405.928432 225.979435 2 3 0.000000 0
333.896768 111.591328 3 0 1.000000 0
334.206073 150.314524 3 1 1.000000 0
334.515381 189.037966 3 2 1.000000 0
334.824690 227.761661 3 3 1.000000 0
269.788343 129.964325 4 0 1.000000 0
276.700869 165.092800 4 1 1.000000 0
283.587753 200.090966 4 2 1.000000 0
290.401265 234.716265 4 3 1.000000 0
215.708060 163.337074 5 0 1.000000 0
234.560654 192.094071 5 1 1.000000 0
253.337908 220.736149 5 2 1.000000 0
271.895630 249.043361 5 3 1.000000 0
170.649092 208.353888 6 0 1.000000 0
198.675353 226.916233 6 1 1.000000 0
226.595238 245.408124 6 2 1.000000 0
254.203628 263.693705 6 3 1.000000 0
137.580056 263.156680 7 0 1.000000 0
170.875121 271.540186 7 1 1.000000 0
204.144055 279.917114 7 2 1.000000 0
237.367272 288.282530 7 3 1.000000 0
118.340103 326.948808 8 0 0.500000 0
154.468931 329.008501 8 1 0.500000 0
190.596781 331.068137 8 2 0.500000 0
226.723429 333.127705 8 3 0.500000 0
117.558469 394.536560 9 0 1.000000 0
153.863475 392.009698 9 1 1.000000 0
190.165707 389.483029 9 2 1.000000 0
226.464354 386.956609 9 3 1.000000 0
134.550449 457.778329 10 0 1.000000 0
167.057177 446.319991 10 1 1.000000 0
199.420028 434.912367 10 2 1.000000 0
231.342773 423.659877 10 3 1.000000 0
166.588580 512.997133 11 0 1.000000 0
192.668987 490.665237 11 1 1.000000 0
218.704488 468.371794 11 2 1.000000 0
244.644070 446.160482 11 3 1.000000 0
212.346843 560.625353 12 0 1.000000 0
229.984637 530.550146 12 1 1.000000 0
247.594501 500.522562 12 2 1.000000 0
265.146261 470.594056 12 3 1.000000 0
266.332517 595.761998 13 0 1.000000 0
272.816493 560.441096 13 1 1.000000 0
279.274338 525.262540 13 2 1.000000 0
285.652574 490.517651 13 3 1.000000 0
330.390040 614.534851 14 0 1.000000 0
330.390040 575.524893 14 1 1.000000 0
330.390040 536.514936 14 2 1.000000 0
330.390040 497.504979 14 3 1.000000 0
397.493530 614.438503 15 0 0.500000 0
392.783059 575.387723 15 1 0.500000 0
388.076562 536.369882 15 2 0.500000 0
383.377157 497.410835 15 3 0.500000 0
464.899581 600.424429 16 0 0.500000 0
455.753877 562.366400 16 1 0.500000 0
446.608174 524.308373 16 2 0.500000 0
437.462471 486.250348 16 3 0.500000 0
535.077452 586.511302 17 0 0.000000 0
527.087664 547.730503 17 1 0.000000 0
519.097862 508.949632 17 2 0.000000 0
511.108045 470.168692 17 3 0.000000 0
606.758843 575.106440 18 0 0.000000 0
600.981392 535.583629 18 1 0.000000 0
595.203896 496.060507 18 2 0.000000 0
589.426359 456.537106 18 3 0.000000 0
679.697001 566.880405 19 0 0.000000 0
675.799766 526.754412 19 1 0.000000 0
671.902529 486.628411 19 2 0.000000 0
668.005292 446.502401 19 3 0.000000 0
753.983964 562.080711 20 0 0.000000 0
751.681181 521.443145 20 1 0.000000 0
749.378391 480.805448 20 2 0.000000 0
747.075594 440.167631 20 3 0.000000 0
829.555137 559.953204 21 0 0.000000 0
829.390633 519.054942 21 1 0.000000 0
829.226128 478.156539 21 2 0.000000 0
829.061623 437.258006 21 3 0.000000 0
905.265332 560.533007 22 0 0.000000 0
907.073629 519.766108 22 1 0.000000 0
908.881929 478.999128 22 2 0.000000 0
910.690232 438.232073 22 3 0.000000 0
980.012294 564.233629 23 0 0.000000 0
983.479537 523.850203 23 1 0.000000 0
986.946785 483.466728 23 2 0.000000 0
990.414037 443.083207 23 3 0.000000 0
1053.618095 570.981177 24 0 0.000000 0
1059.018677 531.180161 24 1 0.000000 0
1064.419286 491.378955 24 2 0.000000 0
1069.819918 451.577575 24 3 0.000000 0
1126.332370 580.890983 25 0 0.000000 0
1134.414654 541.988201 25 1 0.000000 0
1142.497024 503.085006 25 2 0.000000 0
1150.579470 464.181444 25 3 0.000000 0
1197.050007 593.633960 26 0 0.500000 0
1206.088068 555.360714 26 1 0.500000 0
1215.126126 517.087479 26 2 0.500000 0
1224.164181 478.814255 26 3 0.500000 0
1263.637350 608.655270 27 0 0.500000 0
1267.872586 569.894950 27 1 0.500000 0
1272.105406 531.156743 27 2 0.500000 0
1276.334248 492.454950 27 3 0.500000 0
1331.714819 616.192047 28 0 0.500000 0
1331.714819 576.708605 28 1 0.500000 0
1331.714819 537.225163 28 2 0.500000 0
1331.714819 497.741721 28 3 0.500000 0
1398.257738 606.686775 29 0 0.500000 0
1393.799717 569.145361 29 1 0.500000 0
1389.345519 531.636137 29 2 0.500000 0
1384.898151 494.184434 29 3 0.500000 0
1457.011513 579.173892 30 0 1.000000 0
1443.835544 546.087773 30 1 1.000000 0
1430.672920 513.035164 30 2 1.000000 0
1417.534939 480.044438 30 3 1.000000 0
1507.384013 538.053136 31 0 1.000000 0
1484.361622 513.301221 31 1 1.000000 0
1461.491489 488.713003 31 2 1.000000 0
1439.209726 464.757355 31 3 1.000000 0
1545.715968 485.955666 32 0 1.000000 0
1514.536199 471.320620 32 1 1.000000 0
1483.393080 456.702778 32 2 1.000000 0
1452.320227 442.117916 32 3 1.000000 0
1571.122340 426.659678 33 0 0.500000 0
1536.145635 421.627281 33 1 0.500000 0
1501.213298 416.601269 33 2 0.500000 0
1466.367542 411.587714 33 3 0.500000 0
1578.877011 359.658752 34 0 1.000000 0
1542.626437 359.658752 34 1 1.000000 0
1506.375862 359.658752 34 2 1.000000 0
1470.125287 359.658752 34 3 1.000000 0
1569.103680 293.555831 35 0 1.000000 0
1535.246693 300.395278 35 1 1.000000 0
1501.552381 307.201864 35 2 1.000000 0
1468.378078 313.903403 35 3 1.000000 0
1542.497347 235.608419 36 0 1.000000 0
1512.987709 253.266657 36 1 1.000000 0
1483.501304 270.910993 36 2 1.000000 0
1454.055501 288.531033 36 3 1.000000 0
1503.128121 184.236814 37 0 1.000000 0
1481.536841 210.374639 37 1 1.000000 0
1460.031622 236.408280 37 2 1.000000 0
1438.779215 262.135873 37 3 1.000000 0
1454.508810 144.280021 38 0 1.000000 0
1445.830217 177.199722 38 1 1.000000 0
1437.210916 209.894519 38 2 1.000000 0
1428.892560 241.447767 38 3 1.000000 0
1393.887728 118.397823 39 0 1.000000 0
1393.339791 155.581865 39 1 1.000000 0
1392.791841 192.766800 39 2 1.000000 0
1392.243877 229.952679 39 3 1.000000 0
1324.342635 107.742616 40 0 0.000000 0
1324.342635 147.244726 40 1 0.000000 0
1324.342635 186.746835 40 2 0.000000 0
1324.342635 226.248945 40 3 0.000000 0
1250.244174 105.560476 41 0 0.000000 0
1250.324719 145.696892 41 1 0.000000 0
1250.405264 185.833308 41 2 0.000000 0
1250.485810 225.969725 41 3 0.000000 0
1175.343174 104.858614 42 0 0.000000 0
1175.504753 145.253400 42 1 0.000000 0
1175.666332 185.648186 42 2 0.000000 0
1175.827911 226.042972 42 3 0.000000 0
1100.966887 104.923137 43 0 0.000000 0
1101.047921 145.431506 43 1 0.000000 0
1101.128954 185.939875 43 2 0.000000 0
1101.209988 226.448244 43 3 0.000000 0
1026.763917 105.250000 44 0 0.000000 0
1026.763917 145.750000 44 1 0.000000 0
1026.763917 186.250000 44 2 0.000000 0
1026.763917 226.750000 44 3 0.000000 0
952.042646 105.617914 45 0 0.000000 0
952.115760 146.047592 45 1 0.000000 0
952.188875 186.477270 45 2 0.000000 0
952.261990 226.906947 45 3 0.000000 0
877.454564 106.068794 46 0 0.000000 1
877.527679 146.373456 46 1 0.000000 1
877.600793 186.678119 46 2 0.000000 1
877.673908 226.982781 46 3 0.000000 1